DB_SRC=/app/example_dataset/
OUTPUT=/app/output/

MAX_SI=162.22798137900915
MAX_CF=140.38326742526147

FIGURE_XSIZE=6
FIGURE_YSIZE=6
FIGURE_XLIM=165
FIGURE_YLIM=170
